repo,all_issues,issues_without_label,issues_with_label,label_usage_percentage
CyC2018/CS-Notes,931,339,592,0.635875402792696
Snailclimb/JavaGuide,934,581,353,0.37794432548179874
iluwatar/java-design-patterns,1500,229,1271,0.8473333333333334
MisterBooo/LeetCodeAnimation,116,116,0,0.0
elastic/elasticsearch,62557,9109,53448,0.8543887974167559
spring-projects/spring-boot,23234,2976,20258,0.8719118533184127
kdn251/interviews,161,161,0,0.0
doocs/advanced-java,188,173,15,0.0797872340425532
ReactiveX/RxJava,6426,2086,4340,0.6753812636165577
macrozheng/mall,398,397,1,0.002512562814070352
spring-projects/spring-framework,23080,2302,20778,0.9002599653379549
google/guava,3913,278,3635,0.9289547661640685
square/okhttp,6160,4510,1650,0.26785714285714285
square/retrofit,3404,3122,282,0.08284371327849589
apache/dubbo,6714,5439,1275,0.18990169794459338
PhilJay/MPAndroidChart,4935,4705,230,0.04660587639311044
TheAlgorithms/Java,1451,1327,124,0.08545830461750517
bumptech/glide,4298,498,3800,0.8841321544904607
airbnb/lottie-android,1603,1371,232,0.14472863381160325
Blankj/AndroidUtilCode,1309,1065,244,0.186401833460657
zxing/zxing,1281,1157,124,0.09679937548790007
proxyee-down-org/proxyee-down,31,31,0,0.0
JakeWharton/butterknife,1613,1502,111,0.06881587104773713
crossoverJie/JCSprout,192,75,117,0.609375
kon9chunkit/GitHub-Chinese-Top-Charts,122,122,0,0.0
netty/netty,10484,5045,5439,0.5187905379626097
ityouknow/spring-boot-examples,133,133,0,0.0
skylot/jadx,969,654,315,0.32507739938080493
alibaba/arthas,1514,997,517,0.3414795244385733
eugenp/tutorials,10021,9847,174,0.017363536573196288
greenrobot/EventBus,635,473,162,0.2551181102362205
alibaba/fastjson,3416,2753,663,0.19408665105386416
ctripcorp/apollo,3288,2611,677,0.20590024330900245
NationalSecurityAgency/ghidra,2281,901,1380,0.6049978079789566
alibaba/druid,3918,3334,584,0.14905564063297602
scwang90/SmartRefreshLayout,1243,1125,118,0.09493161705551086
CymChad/BaseRecyclerViewAdapterHelper,3297,3268,29,0.008795875037913254
Netflix/Hystrix,1783,1275,508,0.284913067863152
ReactiveX/RxAndroid,564,552,12,0.02127659574468085
SeleniumHQ/selenium,8577,5172,3405,0.3969919552291011
lenve/vhr,234,185,49,0.2094017094017094
google/gson,1766,1238,528,0.29898074745186864
geekxh/hello-algorithm,42,41,1,0.023809523809523808
xkcoding/spring-boot-demo,145,43,102,0.7034482758620689
square/picasso,2154,2086,68,0.031569173630454965
libgdx/libgdx,6073,5053,1020,0.16795652889840276
seata/seata,3139,2326,813,0.25899968142720614
hollischuang/toBeTopJavaer,99,99,0,0.0
chrisbanes/PhotoView,748,598,150,0.20053475935828877
alibaba/easyexcel,1578,654,924,0.5855513307984791
apache/kafka,9328,8049,1279,0.1371140651801029
qiurunze123/miaosha,86,71,15,0.1744186046511628
wuyouzhuguli/SpringAll,34,34,0,0.0
nostra13/Android-Universal-Image-Loader,1334,832,502,0.37631184407796103
halo-dev/halo,1054,249,805,0.7637571157495257
google/ExoPlayer,7906,1078,6828,0.8636478623830003
facebook/fresco,2484,859,1625,0.6541867954911433
jenkinsci/jenkins,4869,2671,2198,0.4514273978229616
alibaba/canal,3046,2839,207,0.06795797767564019
alibaba/spring-cloud-alibaba,1744,980,764,0.4380733944954128
looly/hutool,1098,299,799,0.7276867030965392
xuxueli/xxl-job,1964,1885,79,0.040224032586558045
shuzheng/zheng,182,174,8,0.04395604395604396
didi/DoraemonKit,664,617,47,0.07078313253012049
bazelbuild/bazel,11595,1116,10479,0.903751617076326
Tencent/tinker,1454,1110,344,0.23658872077028886
zhangdaiscott/jeecg-boot,1566,1556,10,0.006385696040868455
dbeaver/dbeaver,9795,1367,8428,0.8604389994895355
CarGuo/GSYVideoPlayer,2845,2798,47,0.016520210896309315
apache/skywalking,5525,892,4633,0.838552036199095
android10/Android-CleanArchitecture,297,233,64,0.21548821548821548
redisson/redisson,3050,1701,1349,0.4422950819672131
mybatis/mybatis-3,2051,1128,923,0.4500243783520234
dianping/cat,2030,2022,8,0.003940886699507389
linlinjava/litemall,427,400,27,0.06323185011709602
alibaba/nacos,3871,2044,1827,0.4719710669077758
forezp/SpringCloudLearning,58,58,0,0.0
apache/flink,13434,984,12450,0.9267530147387226
winterbe/java8-tutorial,37,37,0,0.0
alibaba/Sentinel,1751,263,1488,0.8498001142204454
brettwooldridge/HikariCP,1640,1026,614,0.374390243902439
signalapp/Signal-Android,9690,8573,1117,0.1152734778121775
oracle/graal,2837,582,2255,0.7948537187169545
EnterpriseQualityCoding/FizzBuzzEnterpriseEdition,485,477,8,0.016494845360824743
JeffLi1993/springboot-learning-example,101,95,6,0.0594059405940594
lgvalle/Material-Animations,63,63,0,0.0
openzipkin/zipkin,3168,2144,1024,0.32323232323232326
hdodenhof/CircleImageView,392,372,20,0.05102040816326531
react-native-community/lottie-react-native,679,600,79,0.11634756995581738
LMAX-Exchange/disruptor,302,291,11,0.03642384105960265
orhanobut/logger,236,196,40,0.1694915254237288
alibaba/ARouter,849,840,9,0.01060070671378092
apache/rocketmq,2304,1187,1117,0.4848090277777778
greenrobot/greenDAO,1049,793,256,0.2440419447092469
Tencent/QMUI_Android,1003,907,96,0.09571286141575275
apache/shardingsphere,7540,1019,6521,0.8648541114058356
Bigkoo/Android-PickerView,935,813,122,0.1304812834224599
dyc87112/SpringBoot-Learning,54,50,4,0.07407407407407407
facebook/stetho,670,331,339,0.5059701492537313
Curzibn/Luban,379,364,15,0.0395778364116095
daimajia/AndroidSwipeLayout,547,512,35,0.06398537477148081
eclipse/deeplearning4j,9058,5993,3065,0.33837491720026497
Konloch/bytecode-viewer,261,184,77,0.2950191570881226
zhihu/Matisse,814,732,82,0.10073710073710074
daimajia/AndroidViewAnimations,157,148,9,0.05732484076433121
eclipse-vertx/vert.x,3566,2635,931,0.2610768367919237
jfeinstein10/SlidingMenu,761,750,11,0.01445466491458607
material-components/material-components-android,1731,433,1298,0.7498555748122473
androidannotations/androidannotations,2260,1737,523,0.23141592920353982
prestodb/presto,15161,5872,9289,0.6126904557746851
mockito/mockito,2045,1248,797,0.3897310513447433
Tencent/VasSonic,354,353,1,0.002824858757062147
realm/realm-java,7038,2572,4466,0.6345552713839159
apache/hadoop,2312,1490,822,0.3555363321799308
naver/pinpoint,7269,4040,3229,0.4442151602696382
arduino/Arduino,10409,2482,7927,0.7615525026419445
elunez/eladmin,486,471,15,0.030864197530864196
iBotPeaches/Apktool,2350,1855,495,0.21063829787234042
medcl/elasticsearch-analysis-ik,819,819,0,0.0
JessYanCoding/AndroidAutoSize,316,309,7,0.022151898734177215
google/tink,415,310,105,0.25301204819277107
android-async-http/android-async-http,1333,639,694,0.5206301575393848
alibaba/vlayout,506,452,54,0.1067193675889328
android-hacker/VirtualXposed,903,732,171,0.1893687707641196
youth5201314/banner,913,905,8,0.008762322015334063
TeamNewPipe/NewPipe,4062,1850,2212,0.5445593303791236
lipangit/JiaoZiVideoPlayer,2690,2499,191,0.07100371747211896
JakeWharton/ViewPagerIndicator,425,404,21,0.04941176470588235
permissions-dispatcher/PermissionsDispatcher,686,397,289,0.42128279883381925
Yalantis/uCrop,703,544,159,0.22617354196301565
jeasonlzy/okhttp-OkGo,946,903,43,0.045454545454545456
apache/druid,10385,3363,7022,0.6761675493500241
H07000223/FlycoTabLayout,500,491,9,0.018
tbruyelle/RxPermissions,331,312,19,0.05740181268882175
Netflix/zuul,887,739,148,0.1668545659526494
lingochamp/FileDownloader,1353,309,1044,0.7716186252771619
Netflix/eureka,1301,839,462,0.35511145272867023
JessYanCoding/MVPArms,375,364,11,0.029333333333333333
liaohuqiu/android-Ultra-Pull-To-Refresh,342,330,12,0.03508771929824561
pagehelper/Mybatis-PageHelper,549,513,36,0.06557377049180328
GoogleContainerTools/jib,2776,973,1803,0.6494956772334294
google/guice,1397,299,1098,0.7859699355762347
rzwitserloot/lombok,2566,1958,608,0.23694466095089634
YoKeyword/Fragmentation,1243,1145,98,0.07884151246983105
ksoichiro/Android-ObservableScrollView,283,283,0,0.0
baomidou/mybatis-plus,2917,2911,6,0.002056907781967775
pockethub/PocketHub,1273,1100,173,0.1358994501178319
xetorthio/jedis,2237,2158,79,0.03531515422440769
justauth/JustAuth,93,84,9,0.0967741935483871
81813780/AVLoadingIndicatorView,124,124,0,0.0
aosp-mirror/platform_frameworks_base,105,105,0,0.0
LuckSiege/PictureSelector,1655,1655,0,0.0
sqshq/piggymetrics,39,39,0,0.0
code4craft/webmagic,938,600,338,0.3603411513859275
seaswalker/spring-analysis,19,13,6,0.3157894736842105
codecentric/spring-boot-admin,1509,622,887,0.5878064943671305
navasmdc/MaterialDesignLibrary,420,420,0,0.0
umano/AndroidSlidingUpPanel,970,860,110,0.1134020618556701
java-decompiler/jd-gui,315,285,30,0.09523809523809523
mission-peace/interview,277,277,0,0.0
nathanmarz/storm,303,303,0,0.0
frank-lam/fullstack-tutorial,57,53,4,0.07017543859649122
wasabeef/glide-transformations,181,181,0,0.0
daniulive/SmarterStreaming,106,106,0,0.0
perwendel/spark,1181,883,298,0.2523285351397121
google/auto,874,216,658,0.7528604118993135
chrisbanes/Android-PullToRefresh,80,80,0,0.0
gyf-dev/ImmersionBar,466,422,44,0.0944206008583691
bilibili/DanmakuFlameMaster,450,424,26,0.057777777777777775
googlesamples/easypermissions,305,275,30,0.09836065573770492
react-native-community/react-native-camera,2967,1610,1357,0.4573643410852713
apache/zookeeper,1455,1455,0,0.0
chrisjenx/Calligraphy,475,459,16,0.03368421052631579
clojure/clojure,83,83,0,0.0
janishar/mit-deep-learning-book-pdf,16,16,0,0.0
antlr/antlr4,2888,1575,1313,0.4546398891966759
koral--/android-gif-drawable,730,332,398,0.5452054794520548
laobie/StatusBarUtil,290,242,48,0.16551724137931034
ben-manes/caffeine,453,448,5,0.011037527593818985
roughike/BottomBar,876,672,204,0.2328767123287671
MyCATApache/Mycat-Server,2579,2504,75,0.02908103916246607
square/javapoet,800,740,60,0.075
lionsoul2014/ip2region,162,159,3,0.018518518518518517
paascloud/paascloud-master,137,123,14,0.10218978102189781
Freelander/Android_Data,17,17,0,0.0
jhy/jsoup,1393,1083,310,0.22254127781765973
florent37/MaterialViewPager,356,322,34,0.09550561797752809
lihengming/spring-boot-api-project-seed,222,195,27,0.12162162162162163
neo4j/neo4j,12439,3642,8797,0.7072111906101777
zhisheng17/flink-learning,17,13,4,0.23529411764705882
APIJSON/APIJSON,144,92,52,0.3611111111111111
didi/VirtualAPK,374,355,19,0.05080213903743316
hackware1993/MagicIndicator,244,227,17,0.06967213114754098
lzyzsd/JsBridge,232,230,2,0.008620689655172414
apereo/cas,3637,958,2679,0.7365960956832555
junit-team/junit4,1651,1206,445,0.2695336159903089
GcsSloop/AndroidNote,103,86,17,0.1650485436893204
pxb1988/dex2jar,401,387,14,0.034912718204488775
grpc/grpc-java,7436,6116,1320,0.17751479289940827
HannahMitt/HomeMirror,73,55,18,0.2465753424657534
heibaiying/BigData-Notes,30,30,0,0.0
chrisbanes/cheesesquare,36,35,1,0.027777777777777776
alibaba/atlas,382,369,13,0.034031413612565446
zaproxy/zaproxy,6163,83,6080,0.9865325328573746
dropwizard/dropwizard,3427,1805,1622,0.4733002626203677
Blankj/awesome-java-leetcode,37,36,1,0.02702702702702703
YunaiV/SpringBoot-Labs,37,20,17,0.4594594594594595
Netflix/SimianArmy,329,326,3,0.00911854103343465
ChrisRM/material-theme-jetbrains,1629,1309,320,0.19643953345610804
careercup/CtCI-6th-Edition,208,208,0,0.0
OpenRefine/OpenRefine,3207,1136,2071,0.6457748674773932
android/testing-samples,333,169,164,0.4924924924924925
facebook/buck,2498,1041,1457,0.5832666132906325
ybq/Android-SpinKit,75,75,0,0.0
trello/RxLifecycle,324,323,1,0.0030864197530864196
amitshekhariitbhu/Android-Debug-Database,197,173,24,0.1218274111675127
stanfordnlp/CoreNLP,1071,857,214,0.19981325863678806
Justson/AgentWeb,859,855,4,0.004656577415599534
hyb1996/Auto.js,602,569,33,0.054817275747508304
JakeWharton/hugo,174,174,0,0.0
cats-oss/android-gpuimage,500,496,4,0.008
kaushikgopal/RxJava-Android-Samples,121,116,5,0.04132231404958678
hs-web/hsweb-framework,172,90,82,0.47674418604651164
google/agera,172,143,29,0.1686046511627907
guolindev/LitePal,650,539,111,0.17076923076923076
TooTallNate/Java-WebSocket,1052,360,692,0.6577946768060836
alibaba/DataX,827,813,14,0.016928657799274487
square/dagger,545,480,65,0.11926605504587157
asLody/VirtualApp,572,562,10,0.017482517482517484
JakeWharton/ActionBarSherlock,1128,853,275,0.24379432624113476
firebase/quickstart-android,1122,968,154,0.13725490196078433
cymcsg/UltimateRecyclerView,492,354,138,0.2804878048780488
Bearded-Hen/Android-Bootstrap,223,158,65,0.2914798206278027
keycloak/keycloak,7437,7084,353,0.04746537582358478
aritraroy/UltimateAndroidReference,111,111,0,0.0
DuGuQiuBai/Java,39,39,0,0.0
dropwizard/metrics,1648,984,664,0.4029126213592233
pedant/sweet-alert-dialog,209,209,0,0.0
shwenzhang/AndResGuard,432,400,32,0.07407407407407407
Activiti/Activiti,3440,2648,792,0.2302325581395349
lecho/hellocharts-android,540,462,78,0.14444444444444443
thingsboard/thingsboard,3486,3069,417,0.11962134251290878
geeeeeeeeek/WeChatLuckyMoney,62,61,1,0.016129032258064516
crazycodeboy/TakePhoto,555,555,0,0.0
huanghaibin-dev/CalendarView,712,712,0,0.0
facebook/litho,705,308,397,0.5631205673758866
hongyangAndroid/okhttputils,28,28,0,0.0
koush/AndroidAsync,670,659,11,0.016417910447761194
leolin310148/ShortcutBadger,351,351,0,0.0
vipshop/vjtools,177,67,110,0.6214689265536724
jwtk/jjwt,614,515,99,0.16123778501628663
ogaclejapan/SmartTabLayout,298,225,73,0.24496644295302014
airbnb/epoxy,1057,1023,34,0.03216650898770104
hongyangAndroid/AndroidAutoLayout,11,11,0,0.0
macrozheng/mall-learning,71,52,19,0.2676056338028169
crossoverJie/cim,105,30,75,0.7142857142857143
square/moshi,1234,1072,162,0.1312803889789303
react-native-image-picker/react-native-image-picker,1418,821,597,0.421015514809591
apache/pulsar,8095,767,7328,0.9052501544163064
google/android-classyshark,187,98,89,0.47593582887700536
swagger-api/swagger-core,3659,3173,486,0.13282317573107405
apache/shardingsphere-elasticjob,1487,266,1221,0.8211163416274377
Qihoo360/RePlugin,972,863,109,0.11213991769547325
google/tsunami-security-scanner,61,48,13,0.21311475409836064
DroidPluginTeam/DroidPlugin,459,414,45,0.09803921568627451
MindorksOpenSource/android-interview-questions,90,90,0,0.0
OpenAPITools/openapi-generator,7476,1325,6151,0.8227661851257357
williamfiset/Algorithms,220,144,76,0.34545454545454546
yanzhenjie/AndPermission,631,490,141,0.22345483359746435
davemorrissey/subsampling-scale-image-view,521,468,53,0.1017274472168906
termux/termux-app,1620,1264,356,0.21975308641975308
naman14/Timber,435,435,0,0.0
zendesk/android-floating-action-button,384,337,47,0.12239583333333333
eclipse/che,17786,3100,14686,0.8257056111548409
OpenFeign/feign,1249,741,508,0.4067253803042434
kevin-wayne/algs4,92,92,0,0.0
apache/cassandra,754,754,0,0.0
koush/ion,921,897,24,0.026058631921824105
alibaba/otter,953,896,57,0.05981112277019937
apache/storm,3333,3333,0,0.0
dyc87112/SpringCloud-Learning,32,31,1,0.03125
barteksc/AndroidPdfViewer,930,886,44,0.047311827956989246
google/physical-web,947,897,50,0.05279831045406547
ikew0ng/SwipeBackLayout,193,193,0,0.0
NLPchina/elasticsearch-sql,1080,1055,25,0.023148148148148147
vinc3m1/RoundedImageView,256,256,0,0.0
pedrovgs/EffectiveAndroidUI,28,16,12,0.42857142857142855
rey5137/material,472,433,39,0.0826271186440678
rengwuxian/MaterialEditText,391,358,33,0.08439897698209718
java-native-access/jna,1248,1103,145,0.11618589743589744
Angel-ML/angel,940,900,40,0.0425531914893617
abel533/Mapper,783,727,56,0.07151979565772669
gedoor/MyBookshelf,533,533,0,0.0
resilience4j/resilience4j,1175,678,497,0.4229787234042553
antoniolg/androidmvp,40,40,0,0.0
GrenderG/Toasty,154,52,102,0.6623376623376623
quarkusio/quarkus,12290,2673,9617,0.782506102522376
singwhatiwanna/dynamic-load-apk,166,156,10,0.060240963855421686
guardianproject/haven,416,273,143,0.34375
daimajia/NumberProgressBar,76,73,3,0.039473684210526314
Exrick/xmall,46,33,13,0.2826086956521739
goldze/MVVMHabit,79,79,0,0.0
wyouflf/xUtils3,706,706,0,0.0
gocd/gocd,8564,4929,3635,0.42445119103222795
markzhai/AndroidPerformanceMonitor,138,99,39,0.2826086956521739
uber/RIBs,378,267,111,0.29365079365079366
springside/springside4,583,486,97,0.16638078902229847
JakeWharton/u2020,323,323,0,0.0
aa112901/remusic,109,109,0,0.0
smuyyh/BookReader,241,240,1,0.004149377593360996
google/j2objc,1470,886,584,0.39727891156462586
google/closure-compiler,3622,1605,2017,0.5568746548868029
nhaarman/ListViewAnimations,76,72,4,0.05263157894736842
Nightonke/BoomMenu,241,220,21,0.08713692946058091
NLPchina/ansj_seg,766,759,7,0.009138381201044387
Meituan-Dianping/walle,344,185,159,0.4622093023255814
daimajia/AndroidImageSlider,421,396,25,0.05938242280285035
seven332/EhViewer,660,481,179,0.27121212121212124
Devlight/InfiniteCycleViewPager,80,69,11,0.1375
NanoHttpd/nanohttpd,580,341,239,0.41206896551724137
processing/processing,6033,2905,3128,0.5184816840709432
weibocom/motan,909,839,70,0.07700770077007701
prolificinteractive/material-calendarview,1051,874,177,0.16841103710751665
Anuken/Mindustry,2655,2304,351,0.13220338983050847
AsyncHttpClient/async-http-client,1718,905,813,0.4732246798603027
amlcurran/ShowcaseView,459,387,72,0.1568627450980392
sparklemotion/nokogiri,2048,1427,621,0.30322265625
emilsjolander/StickyListHeaders,498,421,77,0.15461847389558234
checkstyle/checkstyle,8840,5940,2900,0.32805429864253394
dmytrodanylyk/circular-progress-button,27,27,0,0.0
facebookarchive/rebound,95,76,19,0.2
Graylog2/graylog2-server,8958,2188,6770,0.7557490511274838
kickstarter/android-oss,985,476,509,0.516751269035533
JakeWharton/DiskLruCache,103,98,5,0.04854368932038835
ArthurHub/Android-Image-Cropper,775,723,52,0.06709677419354838
hongyangAndroid/FlowLayout,16,16,0,0.0
zouzg/mybatis-generator-gui,294,294,0,0.0
sockeqwe/mosby,338,267,71,0.21005917159763313
lenve/VBlog,64,56,8,0.125
wildfirechat/server,272,261,11,0.04044117647058824
ACRA/acra,801,712,89,0.1111111111111111
lets-blade/blade,413,233,180,0.4358353510895884
jgilfelt/SystemBarTint,10,10,0,0.0
evant/gradle-retrolambda,282,210,72,0.2553191489361702
TechEmpower/FrameworkBenchmarks,6012,5060,952,0.15834996673320026
ityouknow/spring-cloud-examples,60,60,0,0.0
alibaba/freeline,1029,966,63,0.061224489795918366
flyway/flyway,2927,671,2256,0.7707550392893748
evernote/android-job,587,203,384,0.6541737649063032
knightliao/disconf,422,353,69,0.16350710900473933
google/error-prone,1827,799,1028,0.5626710454296662
openjdk/jdk,325,18,307,0.9446153846153846
dm77/barcodescanner,536,304,232,0.43283582089552236
lucasr/twoway-view,289,270,19,0.0657439446366782
jpush/aurora-imui,673,507,166,0.24665676077265974
react-native-community/react-native-video,2135,1991,144,0.06744730679156909
yarolegovich/DiscreteScrollView,197,172,25,0.12690355329949238
joelittlejohn/jsonschema2pojo,1156,818,338,0.29238754325259514
json-path/JsonPath,625,561,64,0.1024
sohutv/cachecloud,213,205,8,0.03755868544600939
spring-projects/spring-security,9009,702,8307,0.922077922077922
k9mail/k-9,4875,3480,1395,0.28615384615384615
square/otto,202,202,0,0.0
k0shk0sh/FastHub,2805,989,1816,0.647415329768271
facebook/facebook-android-sdk,791,489,302,0.38179519595448796
yixia/VitamioBundle,489,459,30,0.06134969325153374
gitpitch/gitpitch,310,294,16,0.05161290322580645
real-logic/aeron,1060,792,268,0.2528301886792453
XRecyclerView/XRecyclerView,405,361,44,0.10864197530864197
liyifeng1994/ssm,65,59,6,0.09230769230769231
commonsguy/cw-omnibus,20,20,0,0.0
wasabeef/richeditor-android,246,246,0,0.0
Clans/FloatingActionButton,474,431,43,0.09071729957805907
zo0r/react-native-push-notification,1655,1194,461,0.2785498489425982
SonarSource/sonarqube,3240,3226,14,0.004320987654320987
thinkaurelius/titan,1388,893,495,0.35662824207492794
scribejava/scribejava,956,889,67,0.0700836820083682
KunMinX/Jetpack-MVVM-Best-Practice,35,34,1,0.02857142857142857
robolectric/robolectric,5922,5167,755,0.12749071259709557
zhoutaoo/SpringCloud,172,151,21,0.12209302325581395
jfoenixadmin/JFoenix,1125,963,162,0.144
Yalantis/Side-Menu.Android,91,89,2,0.02197802197802198
amitshekhariitbhu/Fast-Android-Networking,523,436,87,0.16634799235181644
frogermcs/InstaMaterial,44,44,0,0.0
motianhuo/wechat,53,53,0,0.0
febsteam/FEBS-Shiro,210,205,5,0.023809523809523808
lightbend/config,706,535,171,0.24220963172804533
hanks-zyh/HTextView,111,16,95,0.8558558558558559
rabbitmq/rabbitmq-tutorials,267,232,35,0.13108614232209737
haifengl/smile,589,88,501,0.8505942275042445
h6ah4i/android-advancedrecyclerview,505,170,335,0.6633663366336634
Trinea/android-common,41,41,0,0.0
react-native-community/react-native-device-info,1073,744,329,0.3066169617893756
gzu-liyujiang/AndroidPicker,239,202,37,0.15481171548117154
alibaba/UltraViewPager,143,124,19,0.13286713286713286
rest-assured/rest-assured,1375,825,550,0.4
traex/RippleEffect,142,134,8,0.056338028169014086
apache/zeppelin,3906,3897,9,0.002304147465437788
wequick/Small,615,531,84,0.13658536585365855
mrniko/netty-socketio,763,651,112,0.14678899082568808
MindorksOpenSource/from-java-to-kotlin,60,60,0,0.0
ximsfei/Android-skin-support,407,382,25,0.06142506142506143
CameraKit/camerakit-android,610,484,126,0.20655737704918034
newbee-ltd/newbee-mall,32,31,1,0.03125
KeepSafe/TapTargetView,372,255,117,0.31451612903225806
careercup/ctci,182,182,0,0.0
react-native-community/react-native-svg,1453,1093,360,0.2477632484514797
apache/tomcat,359,359,0,0.0
amitshekhariitbhu/RxJava2-Android-Samples,52,52,0,0.0
wuhaoyu1990/MagicCamera,109,109,0,0.0
claritylab/lucida,243,228,15,0.06172839506172839
li-xiaojun/XPopup,562,552,10,0.017793594306049824
spring-projects/spring-mvc-showcase,82,82,0,0.0
google/grafika,118,97,21,0.17796610169491525
orhanobut/dialogplus,199,167,32,0.16080402010050251
yanzhenjie/SwipeRecyclerView,306,240,66,0.21568627450980393
etsy/AndroidStaggeredGrid,204,176,28,0.13725490196078433
Devlight/NavigationTabBar,152,101,51,0.3355263157894737
changmingxie/tcc-transaction,311,308,3,0.00964630225080386
Vedenin/useful-java-links,87,81,6,0.06896551724137931
apache/dubbo-spring-boot-project,747,664,83,0.1111111111111111
gabrielemariotti/cardslib,563,367,196,0.3481349911190053
Alluxio/alluxio,12098,10026,2072,0.17126797817821127
andkulikov/Transitions-Everywhere,102,96,6,0.058823529411764705
yipianfengye/android-zxingLibrary,263,263,0,0.0
Tencent/Shadow,413,368,45,0.1089588377723971
pardom-zz/ActiveAndroid,565,561,4,0.007079646017699115
Ramotion/folding-cell-android,88,77,11,0.125
TommyLemon/Android-ZBLibrary,46,42,4,0.08695652173913043
springfox/springfox,3531,431,3100,0.8779382611158312
saiwu-bigkoo/Android-ConvenientBanner,370,370,0,0.0
square/sqlbrite,252,242,10,0.03968253968253968
google/cameraview,278,147,131,0.4712230215827338
Karumi/Dexter,268,199,69,0.2574626865671642
chentao0707/SimplifyReader,95,92,3,0.031578947368421054
rubensousa/GravitySnapHelper,67,31,36,0.5373134328358209
macrozheng/mall-swarm,51,50,1,0.0196078431372549
JesusFreke/smali,773,483,290,0.37516170763260026
go-lang-plugin-org/go-lang-idea-plugin,2907,1609,1298,0.44650842793257656
wasabeef/Blurry,95,94,1,0.010526315789473684
mcxiaoke/packer-ng-plugin,150,149,1,0.006666666666666667
bytedeco/javacv,1494,172,1322,0.8848728246318608
cryptomator/cryptomator,1282,246,1036,0.8081123244929798
hongyangAndroid/baseAdapter,132,132,0,0.0
danielzeller/Depth-LIB-Android-,24,24,0,0.0
JakeWharton/NineOldAndroids,90,90,0,0.0
ionic-team/capacitor,3353,2835,518,0.1544885177453027
JodaOrg/joda-time,527,35,492,0.9335863377609108
graphql-java/graphql-java,2045,1877,168,0.08215158924205379
jdamcd/android-crop,292,174,118,0.4041095890410959
wdullaer/MaterialDateTimePicker,690,432,258,0.3739130434782609
alibaba/flutter_boost,874,632,242,0.2768878718535469
DingMouRen/LayoutManagerGroup,62,62,0,0.0
apache/jmeter,606,605,1,0.0016501650165016502
apache/incubator-dolphinscheduler,3792,2267,1525,0.402162447257384
journeyapps/zxing-android-embedded,564,535,29,0.051418439716312055
Flipboard/bottomsheet,211,176,35,0.16587677725118483
SplashCodes/JAViewer,331,314,17,0.0513595166163142
socketio/socket.io-client-java,622,579,43,0.06913183279742766
mybatis/generator,624,427,197,0.3157051282051282
zhanghai/Douya,112,13,99,0.8839285714285714
square/android-times-square,487,467,20,0.04106776180698152
crazycodeboy/react-native-splash-screen,495,494,1,0.00202020202020202
spring-projects/spring-petclinic,668,555,113,0.1691616766467066
mcxiaoke/android-volley,179,176,3,0.01675977653631285
hibernate/hibernate-orm,3558,2291,1267,0.35609893198426085
youlookwhat/CloudReader,121,114,7,0.05785123966942149
kyleduo/SwitchButton,121,110,11,0.09090909090909091
527515025/springBoot,61,35,26,0.4262295081967213
castorflex/SmoothProgressBar,111,107,4,0.036036036036036036
danikula/AndroidVideoCache,276,155,121,0.4384057971014493
romandanylyk/PageIndicatorView,136,102,34,0.25
nisrulz/android-tips-tricks,28,28,0,0.0
wxiaoqi/Spring-Cloud-Platform,38,32,6,0.15789473684210525
ZXZxin/ZXBlog,19,19,0,0.0
alibaba/dexposed,81,78,3,0.037037037037037035
pili-engineering/PLDroidPlayer,1210,1186,24,0.019834710743801654
pentaho/pentaho-kettle,7683,7683,0,0.0
aporter/coursera-android,98,98,0,0.0
HotBitmapGG/bilibili-android-client,70,70,0,0.0
MindorksOpenSource/android-mvp-architecture,94,94,0,0.0
jgilfelt/chuck,96,90,6,0.0625
apache/beam,12891,10554,2337,0.18128927158482663
google/google-authenticator,698,63,635,0.9097421203438395
OpenTSDB/opentsdb,1996,1252,744,0.3727454909819639
huangyanbin/smartTable,260,260,0,0.0
spring-projects/spring-security-oauth,1878,516,1362,0.7252396166134185
orientechnologies/orientdb,9323,4058,5265,0.5647323822803818
facebook/shimmer-android,106,76,30,0.2830188679245283
ffay/lanproxy,146,145,1,0.00684931506849315
Ashok-Varma/BottomNavigation,225,141,84,0.37333333333333335
junit-team/junit5,2420,423,1997,0.8252066115702479
testcontainers/testcontainers-java,3247,858,2389,0.7357560825377272
spring-cloud/spring-cloud-netflix,3820,2115,1705,0.4463350785340314
MinecraftForge/MinecraftForge,7027,3716,3311,0.4711825814714672
micronaut-projects/micronaut-core,4011,1616,2395,0.5971079531288955
btraceio/btrace,422,127,295,0.6990521327014217
bingoogolapple/BGARefreshLayout-Android,181,171,10,0.055248618784530384
jeasonlzy/ImagePicker,307,307,0,0.0
pedrovgs/AndroidWiFiADB,73,33,40,0.547945205479452
Tencent/GT,93,93,0,0.0
jankotek/mapdb,964,529,435,0.4512448132780083
puniverse/quasar,341,223,118,0.3460410557184751
grantland/android-autofittextview,104,90,14,0.1346153846153846
tomakehurst/wiremock,1372,1127,245,0.17857142857142858
makovkastar/FloatingActionButton,223,212,11,0.04932735426008968
Yalantis/Phoenix,49,37,12,0.24489795918367346
firebase/FirebaseUI-Android,1812,1317,495,0.2731788079470199
vavr-io/vavr,2610,455,2155,0.8256704980842912
awangdev/LintCode,21,21,0,0.0
baoyachi/StepView,70,52,18,0.2571428571428571
robinhood/ticker,114,114,0,0.0
jOOQ/jOOQ,10644,52,10592,0.9951146185644495
hugeterry/CoordinatorTabLayout,41,41,0,0.0
languagetool-org/languagetool,3592,1499,2093,0.5826837416481069
razerdp/BasePopup,349,235,114,0.32664756446991405
gephi/gephi,2185,999,1186,0.54279176201373
intuit/karate,1276,216,1060,0.8307210031347962
yasserg/crawler4j,450,450,0,0.0
ChadCSong/ShineButton,56,34,22,0.39285714285714285
techGay/v9porn,198,191,7,0.03535353535353535
rubensousa/ViewPagerCards,28,22,6,0.21428571428571427
rengwuxian/RxJavaSamples,32,32,0,0.0
Jacksgong/JKeyboardPanelSwitch,114,73,41,0.35964912280701755
hazelcast/hazelcast,17578,363,17215,0.9793491864831039
alibaba/jstorm,673,647,26,0.03863298662704309
quartz-scheduler/quartz,616,437,179,0.2905844155844156
AriaLyy/Aria,770,557,213,0.2766233766233766
BoltsFramework/Bolts-Android,152,86,66,0.4342105263157895
dinuscxj/LoadingDrawable,21,21,0,0.0
h2pl/Java-Tutorial,30,30,0,0.0
JoanZapata/android-iconify,215,125,90,0.4186046511627907
bingoogolapple/BGABanner-Android,245,245,0,0.0
yuanguangxin/LeetCode,8,8,0,0.0
sofastack/sofa-boot,704,212,492,0.6988636363636364
hustcc/JS-Sorting-Algorithm,45,45,0,0.0
Jasonchenlijian/FastBle,485,485,0,0.0
lingochamp/okdownload,421,203,218,0.517814726840855
alibaba/jvm-sandbox,291,155,136,0.46735395189003437
CellularPrivacy/Android-IMSI-Catcher-Detector,938,277,661,0.7046908315565032
apache/groovy,1375,1374,1,0.0007272727272727272
airbnb/DeepLinkDispatch,298,281,17,0.05704697986577181
aurelhubert/ahbottomnavigation,420,199,221,0.5261904761904762
roboguice/roboguice,351,192,159,0.452991452991453
qstumn/BadgeView,102,102,0,0.0
lcodecorex/TwinklingRefreshLayout,188,188,0,0.0
auth0/java-jwt,441,308,133,0.30158730158730157
ongakuer/CircleIndicator,146,135,11,0.07534246575342465
reactive-streams/reactive-streams-jvm,524,422,102,0.1946564885496183
apache/lucene-solr,1911,1849,62,0.032443746729461015
alibaba/Tangram-Android,202,188,14,0.06930693069306931
Meituan-Dianping/Robust,427,418,9,0.02107728337236534
Meituan-Dianping/Leaf,146,129,17,0.11643835616438356
cjlin1/libsvm,172,172,0,0.0
raphw/byte-buddy,922,12,910,0.9869848156182213
Manabu-GT/ExpandableTextView,74,65,9,0.12162162162162163
xcltapestry/XCL-Charts,16,16,0,0.0
bluelinelabs/Conductor,619,611,8,0.012924071082390954
Netflix/ribbon,457,452,5,0.010940919037199124
apache/hbase,2444,2238,206,0.08428805237315876
bitcoinj/bitcoinj,2033,1605,428,0.21052631578947367
MiguelCatalan/MaterialSearchView,243,210,33,0.13580246913580246
orhanobut/hawk,237,202,35,0.14767932489451477
codingapi/tx-lcn,545,467,78,0.14311926605504588
debezium/debezium,1828,1776,52,0.028446389496717725
yanzhenjie/NoHttp,234,178,56,0.23931623931623933
confluentinc/ksql,6279,4543,1736,0.27647714604236345
cglib/cglib,172,171,1,0.005813953488372093
spring-projects/spring-data-examples,576,522,54,0.09375
ThirtyDegreesRay/OpenHub,350,322,28,0.08
2227324689/gpmall,193,186,7,0.03626943005181347
deathmarine/Luyten,253,203,50,0.1976284584980237
timehop/sticky-headers-recyclerview,166,166,0,0.0
stleary/JSON-java,551,527,24,0.043557168784029036
objectbox/objectbox-java,908,523,385,0.42400881057268724
YunaiV/onemall,40,35,5,0.125
iNPUTmice/Conversations,3680,3430,250,0.06793478260869565
rockerhieu/emojicon,189,185,4,0.021164021164021163
nytimes/Store,392,317,75,0.1913265306122449
alipay/SoloPi,158,107,51,0.3227848101265823
LawnchairLauncher/Lawnchair,1962,1624,338,0.17227319062181448
Piasy/BigImageViewer,202,171,31,0.15346534653465346
johncarl81/parceler,385,379,6,0.015584415584415584
microsoft/malmo,887,741,146,0.16459977452085683
Freeyourgadget/Gadgetbridge,1731,963,768,0.4436741767764298
yangfuhai/ASimpleCache,45,45,0,0.0
amirzaidi/Launcher3,644,587,57,0.08850931677018634
JanusGraph/janusgraph,2219,358,1861,0.8386660657954034
lzyzsd/CircleProgress,135,135,0,0.0
roncoo/roncoo-pay,47,47,0,0.0
Exrick/xpay,51,49,2,0.0392156862745098
yhaolpz/FloatWindow,131,131,0,0.0
ryanhoo/StylishMusicPlayer,47,34,13,0.2765957446808511
baidu/uid-generator,56,54,2,0.03571428571428571
zhanglei-workspace/shopping-management-system,29,29,0,0.0
litesuits/android-common,21,20,1,0.047619047619047616
oldmanpushcart/greys-anatomy,292,213,79,0.2705479452054795
luckybilly/CC,181,179,2,0.011049723756906077
luontola/retrolambda,157,121,36,0.22929936305732485
frohoff/ysoserial,142,121,21,0.14788732394366197
phishman3579/java-algorithms-implementation,149,149,0,0.0
baoyongzhang/SwipeMenuListView,175,175,0,0.0
google/google-java-format,517,244,273,0.528046421663443
databricks/learning-spark,45,42,3,0.06666666666666667
javagrowing/JGrowing,41,41,0,0.0
tyrantgit/ExplosionField,29,29,0,0.0
lettuce-io/lettuce-core,1419,211,1208,0.8513037350246653
zzhoujay/RichText,378,378,0,0.0
dongjunkun/DropDownMenu,71,71,0,0.0
codeestX/GeekNews,149,149,0,0.0
brianway/java-learning,18,18,0,0.0
lsjwzh/RecyclerViewPager,230,209,21,0.09130434782608696
youtube/api-samples,280,280,0,0.0
openhab/openhab1-addons,5947,2078,3869,0.6505801244324869
xcc3641/SeeWeather,8,8,0,0.0
apache/incubator-heron,3573,2774,799,0.22362160649314303
kikoso/android-stackblur,48,48,0,0.0
arimorty/floatingsearchview,330,147,183,0.5545454545454546
apache/ignite,8036,8029,7,0.0008710801393728223
hansonwang99/Spring-Boot-In-Action,21,14,7,0.3333333333333333
CalebFenton/simplify,142,101,41,0.2887323943661972
Atmosphere/atmosphere,2399,976,1423,0.5931638182576073
oblac/jodd,762,326,436,0.5721784776902887
chillzhuang/SpringBlade,12,12,0,0.0
avast/android-butterknife-zelezny,165,164,1,0.006060606060606061
willowtreeapps/spruce-android,111,96,15,0.13513513513513514
bilibili/MagicaSakura,72,64,8,0.1111111111111111
dropbox/hackpad,69,69,0,0.0
pqpo/SmartCropper,111,111,0,0.0
apache/camel,4252,4221,31,0.00729068673565381
plantuml/plantuml,381,380,1,0.0026246719160104987
yigit/android-priority-jobqueue,469,420,49,0.1044776119402985
sunfusheng/MarqueeView,96,96,0,0.0
ming1016/study,14,14,0,0.0
Nepxion/Discovery,114,114,0,0.0
natario1/CameraView,960,402,558,0.58125
azkaban/azkaban,2600,2440,160,0.06153846153846154
ivacf/archi,30,28,2,0.06666666666666667
JakeWharton/ThreeTenABP,127,125,2,0.015748031496062992
chewiebug/GCViewer,242,147,95,0.3925619834710744
eirslett/frontend-maven-plugin,920,915,5,0.005434782608695652
ronmamo/reflections,302,302,0,0.0
flowable/flowable-engine,2580,2550,30,0.011627906976744186
andremion/Music-Player,21,6,15,0.7142857142857143
ZHENFENG13/spring-boot-projects,24,22,2,0.08333333333333333
binIoter/GuideView,75,75,0,0.0
rstudio/rstudio,7847,3158,4689,0.5975532050465145
aws/aws-sdk-java,2370,1156,1214,0.5122362869198313
kekingcn/kkFileView,143,140,3,0.02097902097902098
davideas/FlexibleAdapter,755,78,677,0.8966887417218543
apache/hive,1485,638,847,0.5703703703703704
iSoron/uhabits,630,274,356,0.5650793650793651
guolindev/giffun,68,59,9,0.1323529411764706
mercyblitz/tech-weekly,13,10,3,0.23076923076923078
dreamhead/moco,283,283,0,0.0
actorapp/actor-platform,253,243,10,0.039525691699604744
crossoverJie/SSM,44,21,23,0.5227272727272727
javaparser/javaparser,2791,1316,1475,0.5284844141884629
lygttpod/SuperTextView,181,181,0,0.0
bytedeco/javacpp,419,106,313,0.747016706443914
hussien89aa/AndroidTutorialForBeginners,21,21,0,0.0
alamkanak/Android-Week-View,554,513,41,0.0740072202166065
powermock/powermock,1071,322,749,0.6993464052287581
CameraKit/blurkit-android,72,71,1,0.013888888888888888
JZ-Darkal/AndroidHttpCapture,75,75,0,0.0
tangqi92/Android-Tips,39,39,0,0.0
vespa-engine/vespa,14505,14181,324,0.02233712512926577
bluelinelabs/LoganSquare,234,221,13,0.05555555555555555
brianfrankcooper/YCSB,1423,1108,315,0.2213633169360506
shekhargulati/99-problems,20,20,0,0.0
stfalcon-studio/ChatKit,331,331,0,0.0
jhalterman/failsafe,264,154,110,0.4166666666666667
theonedev/onedev,38,32,6,0.15789473684210525
chrisbanes/ActionBar-PullToRefresh,63,63,0,0.0
kiegroup/drools,3093,3076,17,0.005496281926931782
bauerca/drag-sort-listview,157,156,1,0.006369426751592357
google/open-location-code,391,292,99,0.2531969309462916
reactor/reactor-core,2388,717,1671,0.699748743718593
iammert/ScalingLayout,25,23,2,0.08
yangfuhai/afinal,114,114,0,0.0
hope-for/hope-boot,75,74,1,0.013333333333333334
apache/shiro,240,239,1,0.004166666666666667
sofastack/sofa-rpc,968,351,617,0.637396694214876
bilibili/boxing,168,168,0,0.0
mcxtzhang/SwipeDelMenuLayout,90,90,0,0.0
pengjianbo/GalleryFinal,156,121,35,0.22435897435897437
bisq-network/bisq,4468,2526,1942,0.43464637421665175
sherxon/AlgoDS,62,58,4,0.06451612903225806
Ereza/CustomActivityOnCrash,76,33,43,0.5657894736842105
abel533/MyBatis-Spring-Boot,170,169,1,0.0058823529411764705
ElderDrivers/EdXposed,596,197,399,0.6694630872483222
mpusher/mpush,48,40,8,0.16666666666666666
luojilab/DDComponentForAndroid,125,122,3,0.024
coobird/thumbnailator,158,34,124,0.7848101265822784
daimajia/AndroidViewHover,28,27,1,0.03571428571428571
rubensousa/PreviewSeekBar,37,18,19,0.5135135135135135
WVector/AppUpdate,140,140,0,0.0
ragunathjawahar/android-saripaar,237,218,19,0.08016877637130802
bjmashibing/InternetArchitect,16,13,3,0.1875
GitLqr/LQRWeChat,59,59,0,0.0
airbnb/native-navigation,164,158,6,0.036585365853658534
hitherejoe/animate,7,7,0,0.0
googlemaps/android-maps-utils,783,414,369,0.47126436781609193
google/rejoiner,101,92,9,0.0891089108910891
zzz40500/GsonFormat,146,138,8,0.0547945205479452
mybatis/spring-boot-starter,495,134,361,0.7292929292929293
HoraApps/LeafPic,601,523,78,0.129783693843594
kevinsawicki/http-request,161,154,7,0.043478260869565216
jfinal/jfinal,170,170,0,0.0
apache/rocketmq-externals,633,401,232,0.3665086887835703
hmkcode/Android,57,54,3,0.05263157894736842
nicolasgramlich/AndEngine,293,293,0,0.0
facebookarchive/network-connection-class,45,35,10,0.2222222222222222
rovo89/XposedInstaller,456,280,176,0.38596491228070173
jitsi/jitsi,689,489,200,0.29027576197387517
keyboardsurfer/Crouton,251,168,83,0.33067729083665337
Skykai521/StickerCamera,52,52,0,0.0
mapstruct/mapstruct,2203,1273,930,0.4221516114389469
ittianyu/BottomNavigationViewEx,189,180,9,0.047619047619047616
amulyakhare/TextDrawable,78,78,0,0.0
zwwill/yanxuan-weex-demo,4,4,0,0.0
oracle/opengrok,3239,1348,1891,0.5838221673355974
yipianfengye/android-adDialog,27,27,0,0.0
gabrielemariotti/RecyclerViewItemAnimators,17,11,6,0.35294117647058826
apache/cordova-android,1067,832,235,0.22024367385192128
jgilfelt/android-viewbadger,2,2,0,0.0
pmd/pmd,2786,853,1933,0.6938262742282842
stylefeng/Guns,99,98,1,0.010101010101010102
psaravan/JamsMusicPlayer,50,40,10,0.2
requery/requery,907,273,634,0.6990077177508269
AntennaPod/AntennaPod,4386,3108,1278,0.2913816689466484
stephanenicolas/robospice,470,251,219,0.46595744680851064
meefik/linuxdeploy,1148,1128,20,0.017421602787456445
eishay/jvm-serializers,85,85,0,0.0
hongyangAndroid/Highlight,77,77,0,0.0
danylovolokh/VideoPlayerManager,116,116,0,0.0
cucumber/cucumber,1169,418,751,0.6424294268605646
citerus/dddsample-core,46,46,0,0.0
TeamAmaze/AmazeFileManager,1953,1390,563,0.28827444956477216
pedrovgs/DraggablePanel,133,85,48,0.3609022556390977
code4craft/netty-learning,9,8,1,0.1111111111111111
linyiqun/DataMiningAlgorithm,3,3,0,0.0
Netflix/conductor,1862,1703,159,0.08539205155746508
getActivity/AndroidProject,43,43,0,0.0
alibaba/cobar,93,93,0,0.0
sofastack/sofa-jarslink,130,105,25,0.19230769230769232
dromara/hmily,191,84,107,0.5602094240837696
lovetuzitong/MultiImageSelector,157,155,2,0.012738853503184714
google/data-transfer-project,925,836,89,0.09621621621621622
owncloud/android,2947,1192,1755,0.5955208686800135
linkedin/databus,128,128,0,0.0
chenBingX/SuperTextView,98,98,0,0.0
Exrick/xboot,45,45,0,0.0
querydsl/querydsl,2628,1980,648,0.2465753424657534
uber/AutoDispose,435,195,240,0.5517241379310345
knowm/XChange,3697,3246,451,0.12199080335407086
udacity/Sunshine-Version-2,340,340,0,0.0
fyhertz/libstreaming,287,285,2,0.006968641114982578
dmytrodanylyk/android-process-button,66,38,28,0.42424242424242425
liuyubobobo/Play-with-Algorithms,36,36,0,0.0
lisawray/groupie,359,209,150,0.4178272980501393
runelite/runelite,12327,1937,10390,0.8428652551310132
xmuSistone/ViewpagerTransition,13,13,0,0.0
eclipse/jetty.project,5271,3095,2176,0.4128248909125403
BelooS/ChipsLayoutManager,68,44,24,0.35294117647058826
jasonross/Nuwa,96,88,8,0.08333333333333333
eleme/UETool,83,80,3,0.03614457831325301
promeG/TinyPinyin,54,47,7,0.12962962962962962
WritingMinds/ffmpeg-android-java,364,351,13,0.03571428571428571
Marswin/MarsDaemon,49,49,0,0.0
jersey/jersey,3805,420,3385,0.8896189224704336
vert-x3/vertx-examples,397,331,66,0.16624685138539042
Doikki/DKVideoPlayer,574,574,0,0.0
ManuelPeinado/FadingActionBar,126,126,0,0.0
race604/FlyRefresh,15,15,0,0.0
yui/yuicompressor,328,307,21,0.06402439024390244
ankidroid/Anki-Android,7239,3350,3889,0.5372288990192016
saulmm/Android-Material-Examples,15,15,0,0.0
jboss-javassist/javassist,331,331,0,0.0
YahooArchive/anthelion,7,7,0,0.0
alibaba/COLA,113,108,5,0.04424778761061947
zhou-you/RxEasyHttp,233,233,0,0.0
graphhopper/graphhopper,2123,784,1339,0.6307112576542628
M66B/NetGuard,243,241,2,0.00823045267489712
facebook/react-native-fbsdk,791,577,214,0.27054361567635904
code4craft/tiny-spring,28,28,0,0.0
ethanhua/Skeleton,50,50,0,0.0
tuguangquan/mybatis,18,17,1,0.05555555555555555
awsdocs/aws-doc-sdk-examples,1371,857,514,0.37490882567469
LWJGL/lwjgl3,579,148,431,0.7443868739205527
networknt/light-4j,766,560,206,0.2689295039164491
bin456789/Unblock163MusicClient-Xposed,217,217,0,0.0
MovingBlocks/Terasology,4089,1576,2513,0.6145756908779653
jd-alexander/LikeButton,110,105,5,0.045454545454545456
edmodo/cropper,148,148,0,0.0
woxingxiao/BubbleSeekBar,201,195,6,0.029850746268656716
donglua/PhotoPicker,281,274,7,0.02491103202846975
geftimov/android-pathview,41,23,18,0.43902439024390244
google/volley,365,365,0,0.0
googlesamples/android-vision,453,375,78,0.17218543046357615
crazyandcoder/citypicker,198,80,118,0.5959595959595959
JulienGenoud/android-percent-support-lib-sample,16,16,0,0.0
SpecialCyCi/AndroidResideMenu,160,147,13,0.08125
undertow-io/undertow,954,818,136,0.14255765199161424
apache/dubbo-admin,654,566,88,0.1345565749235474
openaphid/android-flip,147,95,52,0.35374149659863946
guoguibing/librec,324,283,41,0.12654320987654322
mock-server/mockserver,861,462,399,0.4634146341463415
web3j/web3j,1261,788,473,0.37509912767644726
jiangqqlmj/FastDev4Android,12,12,0,0.0
w446108264/XhsEmoticonsKeyboard,78,66,12,0.15384615384615385
crate/crate,10554,7721,2833,0.268429031646769
nanchen2251/RxJava2Examples,9,9,0,0.0
uber/NullAway,422,372,50,0.11848341232227488
sunfusheng/StickyHeaderListView,24,24,0,0.0
yusugomori/DeepLearning,34,33,1,0.029411764705882353
jprante/elasticsearch-jdbc,974,942,32,0.03285420944558522
square/flow,279,250,29,0.1039426523297491
mzule/ActivityRouter,90,90,0,0.0
NLPIR-team/NLPIR,191,191,0,0.0
apache/kylin,1406,1369,37,0.02631578947368421
zaaach/CityPicker,100,86,14,0.14
huburt-Hu/NewbieGuide,177,177,0,0.0
bmelnychuk/AndroidTreeView,182,177,5,0.027472527472527472
JakeWharton/scalpel,28,28,0,0.0
aragozin/jvm-tools,67,67,0,0.0
JackyAndroid/AndroidChromium,80,55,25,0.3125
ZieIony/Carbon,416,108,308,0.7403846153846154
Genymobile/gnirehtet,326,231,95,0.29141104294478526
microg/android_packages_apps_GmsCore,1146,943,203,0.17713787085514834
yarolegovich/SlidingRootNav,73,73,0,0.0
florent37/ExpectAnim,44,42,2,0.045454545454545456
mplushnikov/lombok-intellij-plugin,932,285,647,0.694206008583691
iwgang/CountdownView,137,120,17,0.12408759124087591
Tencent/MSEC,48,48,0,0.0
line/armeria,3078,98,2980,0.96816114359974
nic-delhi/AarogyaSetu_Android,512,421,91,0.177734375
immutables/immutables,1215,588,627,0.5160493827160494
north2016/T-MVP,41,41,0,0.0
Polidea/RxAndroidBle,721,280,441,0.6116504854368932
Yalantis/GuillotineMenu-Android,42,42,0,0.0
lenve/JavaEETest,33,15,18,0.5454545454545454
spockframework/spock,1217,631,586,0.4815119145439606
code-troopers/android-betterpickers,387,306,81,0.20930232558139536
JoanZapata/android-pdfview,245,208,37,0.1510204081632653
Red5/red5-server,291,256,35,0.12027491408934708
Teevity/ice,300,291,9,0.03
Nightonke/WoWoViewPager,13,11,2,0.15384615384615385
ltsopensource/light-task-scheduler,453,446,7,0.01545253863134658
Snailclimb/springboot-guide,21,20,1,0.047619047619047616
wendux/DSBridge-Android,173,167,6,0.03468208092485549
jenkinsci/blueocean-plugin,2053,674,1379,0.671699951290794
airbnb/airpal,231,222,9,0.03896103896103896
AweiLoveAndroid/CommonDevKnowledge,8,8,0,0.0
apache/incubator-pinot,6020,5899,121,0.02009966777408638
zuihou/zuihou-admin-cloud,25,24,1,0.04
CrawlScript/WebCollector,119,117,2,0.01680672268907563
jfeinstein10/JazzyViewPager,58,58,0,0.0
mik3y/usb-serial-for-android,308,247,61,0.19805194805194806
MindorksOpenSource/PRDownloader,159,156,3,0.018867924528301886
FinalTeam/RxGalleryFinal,305,250,55,0.18032786885245902
guolindev/booksource,39,34,5,0.1282051282051282
oguzbilgener/CircularFloatingActionMenu,13,13,0,0.0
saulmm/CoordinatorBehaviorExample,50,47,3,0.06
Nightonke/CoCoin,54,53,1,0.018518518518518517
java8/Java8InAction,33,32,1,0.030303030303030304
MagicMashRoom/SuperCalendar,193,192,1,0.0051813471502590676
JohnPersano/SuperToasts,124,107,17,0.13709677419354838
google/binnavi,117,89,28,0.23931623931623933
RobotiumTech/robotium,882,187,695,0.7879818594104309
Malinskiy/SuperRecyclerView,128,126,2,0.015625
lizhangqu/CoreLink,10,10,0,0.0
wenmingvs/AndroidProcess,24,24,0,0.0
googlearchive/android-Camera2Basic,159,127,32,0.20125786163522014
mxdldev/android-mvp-mvvm-flytour,11,11,0,0.0
qii/weiciyuan,286,258,28,0.0979020979020979
TangoAgency/material-intro-screen,183,155,28,0.15300546448087432
florent37/ShapeOfView,72,68,4,0.05555555555555555
jiajunhui/PlayerBase,130,115,15,0.11538461538461539
szerhusenBC/jwt-spring-security-demo,106,36,70,0.660377358490566
FasterXML/jackson-databind,2822,2344,478,0.1693834160170092
glomadrian/Grav,24,21,3,0.125
SimonVT/android-menudrawer,271,271,0,0.0
beworker/pinned-section-listview,96,84,12,0.125
Todd-Davies/ProgressWheel,70,70,0,0.0
liangfeidotme/MasteringAndroidDataBinding,51,51,0,0.0
chennaione/sugar,815,627,188,0.23067484662576687
evrencoskun/TableView,336,291,45,0.13392857142857142
harjot-oberai/MusicDNA,72,68,4,0.05555555555555555
spring-cloud/spring-cloud-gateway,1928,626,1302,0.6753112033195021
pushtorefresh/storio,912,161,751,0.8234649122807017
watabou/pixel-dungeon,89,89,0,0.0
j-easy/easy-rules,312,149,163,0.5224358974358975
googlesamples/google-services,472,457,15,0.03177966101694915
pedrovgs/Algorithms,65,56,9,0.13846153846153847
500px/500px-android-blur,41,40,1,0.024390243902439025
JavaNoober/BackgroundLibrary,111,111,0,0.0
JackyAndroid/AndroidTVLauncher,42,38,4,0.09523809523809523
flavioarfaria/KenBurnsView,60,54,6,0.1
cyrilmottier/GreenDroid,20,19,1,0.05
ballerina-platform/ballerina-lang,25963,13802,12161,0.4683973346685668
JSQLParser/JSqlParser,1040,1016,24,0.023076923076923078
google/hover,100,91,9,0.09
googlearchive/android-ConstraintLayoutExamples,56,56,0,0.0
amitshekhariitbhu/awesome-android-complete-reference,15,15,0,0.0
chanjarster/weixin-java-tools,83,83,0,0.0
saysky/ForestBlog,48,41,7,0.14583333333333334
aritraroy/PatternLockView,39,37,2,0.05128205128205128
gouthampradhan/leetcode,8,8,0,0.0
florent37/DiagonalLayout,31,30,1,0.03225806451612903
AbrahamCaiJin/CommonUtilLibrary,41,41,0,0.0
siyamed/android-shape-imageview,89,86,3,0.033707865168539325
mihaip/dex-method-counts,50,50,0,0.0
huazhiyuan2008/RecyclerViewCardGallery,3,3,0,0.0
nisrulz/sensey,53,40,13,0.24528301886792453
micrometer-metrics/micrometer,2260,972,1288,0.5699115044247788
Javen205/IJPay,34,34,0,0.0
traccar/traccar,4536,4536,0,0.0
tyzlmjj/PagerBottomTabStrip,76,76,0,0.0
pchmn/MaterialChipsInput,137,126,11,0.08029197080291971
bastillion-io/Bastillion,355,353,2,0.005633802816901409
jjoe64/GraphView,661,400,261,0.394856278366112
sockeqwe/AdapterDelegates,97,93,4,0.041237113402061855
r0adkll/Slidr,83,75,8,0.0963855421686747
fengjundev/Android-Skin-Loader,44,44,0,0.0
rishabh115/SDE-Interview-Questions,96,80,16,0.16666666666666666
simple-android-framework/android_design_patterns_analysis,8,8,0,0.0
cSploit/android,1000,751,249,0.249
esoxjem/MovieGuide,108,85,23,0.21296296296296297
ldoublem/LoadingView,15,14,1,0.06666666666666667
deano2390/MaterialShowcaseView,197,192,5,0.025380710659898477
dlew/joda-time-android,256,254,2,0.0078125
android-notes/Cockroach,52,52,0,0.0
prontera/spring-cloud-rest-tcc,58,55,3,0.05172413793103448
dingjikerbo/Android-BluetoothKit,151,151,0,0.0
LuckyJayce/ViewPagerIndicator,82,82,0,0.0
Cleveroad/SlidingTutorial-Android,73,63,10,0.136986301369863
tiann/epic,11,11,0,0.0
spring-projects/spring-loaded,225,222,3,0.013333333333333334
romainguy/ViewServer,34,34,0,0.0
xuexiangjys/XUI,62,31,31,0.5
facebookarchive/device-year-class,41,19,22,0.5365853658536586
jeremylong/DependencyCheck,2824,1004,1820,0.6444759206798867
brianway/springmvc-mybatis-learning,20,18,2,0.1
jaydenxiao2016/AndroidFire,53,53,0,0.0
Fuzion24/JustTrustMe,50,50,0,0.0
florent37/ViewAnimator,55,54,1,0.01818181818181818
johannilsson/android-pulltorefresh,100,100,0,0.0
react-native-community/react-native-share,870,346,524,0.6022988505747127
Twitter4J/Twitter4J,358,358,0,0.0
apollographql/apollo-android,2584,1605,979,0.37886996904024767
sd6352051/NiftyDialogEffects,6,6,0,0.0
ata4/disunity,224,177,47,0.20982142857142858
balysv/material-menu,67,57,10,0.14925373134328357
bm-x/PhotoView,120,120,0,0.0
githubwing/ZoomHeader,9,9,0,0.0
liuyangming/ByteTCC,125,124,1,0.008
AltBeacon/android-beacon-library,990,924,66,0.06666666666666667
JakeWharton/Telecine,184,176,8,0.043478260869565216
alibaba/jetcache,507,497,10,0.01972386587771203
ozodrukh/CircularReveal,128,119,9,0.0703125
arcadefire/nice-spinner,170,146,24,0.1411764705882353
iPaulPro/Android-ItemTouchHelper-Demo,62,53,9,0.14516129032258066
pnikosis/materialish-progress,63,63,0,0.0
yangchong211/LifeHelper,32,32,0,0.0
saulmm/Material-Movies,33,33,0,0.0
h2database/h2database,2885,2690,195,0.06759098786828423
burhanrashid52/PhotoEditor,273,163,110,0.40293040293040294
yingLanNull/ShadowImageView,27,26,1,0.037037037037037035
javaee-samples/javaee7-samples,459,370,89,0.19389978213507625
jdsjlzx/LRecyclerView,358,349,9,0.025139664804469275
JCTools/JCTools,319,194,125,0.39184952978056425
Comcast/FreeFlow,92,83,9,0.09782608695652174
mxn21/FlowingDrawer,75,69,6,0.08
wildfly/wildfly,13485,10860,2625,0.1946607341490545
andOTP/andOTP,625,73,552,0.8832
macrozheng/springcloud-learning,11,11,0,0.0
yanzhenjie/AndServer,304,240,64,0.21052631578947367
Dimezis/BlurView,112,94,18,0.16071428571428573
spotify/docker-maven-plugin,446,352,94,0.21076233183856502
qunarcorp/bistoury,105,93,12,0.11428571428571428
path/android-priority-jobqueue,18,18,0,0.0
eclipse/openj9,10670,1090,9580,0.8978444236176195
tronprotocol/java-tron,3380,2916,464,0.13727810650887573
katzer/cordova-plugin-local-notifications,1897,1268,629,0.3315761729045862
fishercoder1534/Leetcode,98,98,0,0.0
mmin18/RealtimeBlurView,50,50,0,0.0
jMonkeyEngine/jmonkeyengine,1308,960,348,0.26605504587155965
konifar/android-material-design-icon-generator-plugin,73,73,0,0.0
KingJA/LoadSir,149,149,0,0.0
voldemort/voldemort,508,472,36,0.07086614173228346
EverythingMe/overscroll-decor,77,76,1,0.012987012987012988
remkop/picocli,1173,162,1011,0.8618925831202046
2dxgujun/AndroidTagGroup,82,78,4,0.04878048780487805
CJT2325/CameraView,271,271,0,0.0
MindorksOpenSource/android-mvvm-architecture,73,73,0,0.0
bingoogolapple/BGABadgeView-Android,65,64,1,0.015384615384615385
sucese/android-open-source-project-analysis,31,31,0,0.0
brianway/webporter,12,9,3,0.25
jackpal/Android-Terminal-Emulator,126,125,1,0.007936507936507936
